accuracy: 0.9996880848409233
precision: 0.999748401368814
recall: 0.9997142028985507
F1: 0.9997313018412198
